Multiple size <= 100
TEST 1 ARG:24 17 19 60 74 5 25 62 40 9 73 20 50 91 63 12 70 92 58 46 49 69 47 14 18 59 61 35 31 98 32 48 79 96 30 71 44 65 41 2 21 77 29 26 67 85 34 22 89 43 8 81 82 52 80 45 78 86 87 64 93 95 57 36 68 84 7 37 4 16 10 66 11 15 0 38 75 56 23 88 51 42 99 72 33 53 13 54 55 6 83 90 1 39 3 28 27 97 76 94 
TEST 1 ARG:24 17 19 60 74 5 25 62 40 9 73 20 50 91 63 12 70 92 58 46 49 69 47 14 18 59 61 35 31 98 32 48 79 96 30 71 44 65 41 2 21 77 29 26 67 85 34 22 89 43 8 81 82 52 80 45 78 86 87 64 93 95 57 36 68 84 7 37 4 16 10 66 11 15 0 38 75 56 23 88 51 42 99 72 33 53 13 54 55 6 83 90 1 39 3 28 27 97 76 94 
TEST 2 ARG:36 66 65 33 47 40 9 25 73 92 60 94 32 8 46 78 79 95 43 3 42 97 35 87 51 70 67 93 30 24 64 76 56 83 39 1 69 59 23 96 14 55 72 80 52 99 20 2 27 11 77 6 61 86 37 48 16 10 49 91 57 12 54 31 15 17 45 88 90 21 28 26 89 13 68 7 81 0 50 62 58 71 29 44 75 98 5 41 38 4 82 18 53 22 63 74 34 85 84 19 
TEST 2 ARG:36 66 65 33 47 40 9 25 73 92 60 94 32 8 46 78 79 95 43 3 42 97 35 87 51 70 67 93 30 24 64 76 56 83 39 1 69 59 23 96 14 55 72 80 52 99 20 2 27 11 77 6 61 86 37 48 16 10 49 91 57 12 54 31 15 17 45 88 90 21 28 26 89 13 68 7 81 0 50 62 58 71 29 44 75 98 5 41 38 4 82 18 53 22 63 74 34 85 84 19 
TEST 3 ARG:20 19 79 97 6 88 47 78 2 70 84 99 37 61 74 46 92 44 22 59 80 39 56 86 71 90 45 15 51 16 14 98 76 8 77 13 73 93 55 34 87 27 96 85 29 28 82 38 12 40 41 0 17 57 4 63 31 3 49 95 35 21 54 69 65 25 7 36 64 48 10 30 83 52 11 1 67 33 9 42 5 32 50 66 18 23 94 62 72 81 24 43 26 68 60 91 58 53 75 89 
TEST 3 ARG:20 19 79 97 6 88 47 78 2 70 84 99 37 61 74 46 92 44 22 59 80 39 56 86 71 90 45 15 51 16 14 98 76 8 77 13 73 93 55 34 87 27 96 85 29 28 82 38 12 40 41 0 17 57 4 63 31 3 49 95 35 21 54 69 65 25 7 36 64 48 10 30 83 52 11 1 67 33 9 42 5 32 50 66 18 23 94 62 72 81 24 43 26 68 60 91 58 53 75 89 
TEST 4 ARG:63 47 81 50 53 10 92 59 7 90 18 27 78 12 19 42 0 9 72 48 76 37 6 87 64 30 84 55 56 14 26 80 61 79 93 77 4 21 60 67 1 62 73 23 89 51 97 70 16 95 39 54 82 29 98 22 34 15 25 75 68 20 40 94 66 43 86 45 96 31 85 38 74 11 13 3 52 71 32 57 36 69 28 99 17 88 41 35 58 65 24 46 91 44 83 2 8 49 5 33 
TEST 4 ARG:63 47 81 50 53 10 92 59 7 90 18 27 78 12 19 42 0 9 72 48 76 37 6 87 64 30 84 55 56 14 26 80 61 79 93 77 4 21 60 67 1 62 73 23 89 51 97 70 16 95 39 54 82 29 98 22 34 15 25 75 68 20 40 94 66 43 86 45 96 31 85 38 74 11 13 3 52 71 32 57 36 69 28 99 17 88 41 35 58 65 24 46 91 44 83 2 8 49 5 33 
TEST 5 ARG:38 92 74 26 83 71 4 64 11 24 23 13 94 57 66 29 99 43 95 0 76 55 10 56 70 53 7 62 88 49 77 28 96 6 45 41 52 81 9 51 48 33 59 79 68 98 78 31 18 30 19 1 12 15 60 97 73 16 90 67 40 75 5 34 27 84 44 65 21 50 2 91 37 82 36 80 86 25 14 85 35 17 93 8 20 42 54 22 61 72 47 89 39 63 46 87 3 32 69 58 
TEST 5 ARG:38 92 74 26 83 71 4 64 11 24 23 13 94 57 66 29 99 43 95 0 76 55 10 56 70 53 7 62 88 49 77 28 96 6 45 41 52 81 9 51 48 33 59 79 68 98 78 31 18 30 19 1 12 15 60 97 73 16 90 67 40 75 5 34 27 84 44 65 21 50 2 91 37 82 36 80 86 25 14 85 35 17 93 8 20 42 54 22 61 72 47 89 39 63 46 87 3 32 69 58 
TEST 6 ARG:77 72 79 43 49 66 51 74 89 95 61 62 88 60 8 22 53 15 10 81 31 76 35 24 12 97 54 21 17 75 25 2 73 82 98 92 96 85 29 47 41 33 4 16 78 58 91 18 84 50 34 42 0 64 6 19 99 44 59 1 3 5 9 45 30 46 83 55 94 80 36 13 32 87 63 67 38 57 37 65 48 11 93 86 28 23 68 90 56 70 27 40 14 7 69 71 52 26 20 39 
TEST 6 ARG:77 72 79 43 49 66 51 74 89 95 61 62 88 60 8 22 53 15 10 81 31 76 35 24 12 97 54 21 17 75 25 2 73 82 98 92 96 85 29 47 41 33 4 16 78 58 91 18 84 50 34 42 0 64 6 19 99 44 59 1 3 5 9 45 30 46 83 55 94 80 36 13 32 87 63 67 38 57 37 65 48 11 93 86 28 23 68 90 56 70 27 40 14 7 69 71 52 26 20 39 
TEST 7 ARG:64 30 6 66 99 50 79 55 88 28 11 33 97 16 3 70 72 1 7 81 71 94 76 65 19 52 93 41 68 12 73 60 24 17 18 61 48 53 47 86 39 90 5 49 34 82 21 69 57 54 75 89 22 10 44 85 14 92 67 78 20 80 29 77 63 13 8 32 45 4 31 46 35 95 56 26 37 51 58 84 83 38 87 62 36 40 23 96 74 59 15 98 91 2 43 9 42 27 0 25 
TEST 7 ARG:64 30 6 66 99 50 79 55 88 28 11 33 97 16 3 70 72 1 7 81 71 94 76 65 19 52 93 41 68 12 73 60 24 17 18 61 48 53 47 86 39 90 5 49 34 82 21 69 57 54 75 89 22 10 44 85 14 92 67 78 20 80 29 77 63 13 8 32 45 4 31 46 35 95 56 26 37 51 58 84 83 38 87 62 36 40 23 96 74 59 15 98 91 2 43 9 42 27 0 25 
TEST 8 ARG:91 89 99 46 25 20 32 5 94 83 93 55 14 68 82 44 27 13 6 76 47 73 69 78 15 87 64 66 77 41 0 4 84 98 96 9 33 85 67 75 79 56 23 92 30 2 22 70 38 81 74 52 62 18 3 60 8 36 80 50 71 58 59 57 12 37 45 42 11 90 97 63 40 31 48 10 16 35 65 61 28 49 17 88 34 19 86 39 26 21 53 24 72 54 43 51 29 1 7 95 
TEST 8 ARG:91 89 99 46 25 20 32 5 94 83 93 55 14 68 82 44 27 13 6 76 47 73 69 78 15 87 64 66 77 41 0 4 84 98 96 9 33 85 67 75 79 56 23 92 30 2 22 70 38 81 74 52 62 18 3 60 8 36 80 50 71 58 59 57 12 37 45 42 11 90 97 63 40 31 48 10 16 35 65 61 28 49 17 88 34 19 86 39 26 21 53 24 72 54 43 51 29 1 7 95 
TEST 9 ARG:31 81 76 6 54 62 24 30 9 29 13 68 98 20 93 88 89 42 26 87 1 86 28 73 44 83 14 48 55 16 77 33 41 78 74 12 66 52 85 40 50 51 43 56 72 96 80 45 15 90 61 34 36 91 22 27 70 79 19 67 69 47 25 92 35 58 21 4 82 7 60 97 57 75 0 37 65 49 8 10 38 94 63 17 23 46 64 18 53 99 32 2 39 95 5 3 11 84 71 59 
TEST 9 ARG:31 81 76 6 54 62 24 30 9 29 13 68 98 20 93 88 89 42 26 87 1 86 28 73 44 83 14 48 55 16 77 33 41 78 74 12 66 52 85 40 50 51 43 56 72 96 80 45 15 90 61 34 36 91 22 27 70 79 19 67 69 47 25 92 35 58 21 4 82 7 60 97 57 75 0 37 65 49 8 10 38 94 63 17 23 46 64 18 53 99 32 2 39 95 5 3 11 84 71 59 
TEST 10 ARG:54 70 29 63 4 3 35 94 49 86 57 75 20 40 5 24 46 55 90 38 14 62 1 37 9 56 45 50 34 98 67 47 77 78 11 23 89 41 83 28 91 53 0 74 16 82 21 18 88 42 60 84 13 7 6 76 36 87 44 2 85 58 72 22 27 59 95 96 73 69 64 39 80 52 48 8 97 99 33 65 66 32 26 81 12 15 43 17 92 61 31 51 93 25 68 30 79 71 10 19 
TEST 10 ARG:54 70 29 63 4 3 35 94 49 86 57 75 20 40 5 24 46 55 90 38 14 62 1 37 9 56 45 50 34 98 67 47 77 78 11 23 89 41 83 28 91 53 0 74 16 82 21 18 88 42 60 84 13 7 6 76 36 87 44 2 85 58 72 22 27 59 95 96 73 69 64 39 80 52 48 8 97 99 33 65 66 32 26 81 12 15 43 17 92 61 31 51 93 25 68 30 79 71 10 19 
TEST 11 ARG:97 75 29 8 90 13 70 39 15 6 12 74 69 67 14 64 10 28 89 25 50 36 53 52 71 17 23 99 78 93 45 42 27 30 86 73 41 96 91 55 22 68 82 19 87 44 98 20 83 3 43 24 81 11 85 34 1 95 32 7 79 40 47 56 0 59 37 84 62 16 94 21 60 72 38 80 76 46 33 77 35 88 26 51 2 48 4 9 58 66 92 5 57 18 63 31 49 65 61 54 
TEST 11 ARG:97 75 29 8 90 13 70 39 15 6 12 74 69 67 14 64 10 28 89 25 50 36 53 52 71 17 23 99 78 93 45 42 27 30 86 73 41 96 91 55 22 68 82 19 87 44 98 20 83 3 43 24 81 11 85 34 1 95 32 7 79 40 47 56 0 59 37 84 62 16 94 21 60 72 38 80 76 46 33 77 35 88 26 51 2 48 4 9 58 66 92 5 57 18 63 31 49 65 61 54 
TEST 12 ARG:40 49 67 70 32 20 31 18 0 23 13 94 68 21 12 36 55 95 60 8 6 39 64 10 81 35 90 15 24 19 85 44 48 53 82 14 74 99 62 76 57 96 98 45 25 38 87 65 28 52 54 34 58 27 51 92 84 33 66 56 72 80 42 11 16 7 46 50 30 47 86 97 17 78 29 5 77 88 9 71 43 73 22 3 75 1 69 61 59 93 91 79 2 37 83 26 4 89 63 41 
TEST 12 ARG:40 49 67 70 32 20 31 18 0 23 13 94 68 21 12 36 55 95 60 8 6 39 64 10 81 35 90 15 24 19 85 44 48 53 82 14 74 99 62 76 57 96 98 45 25 38 87 65 28 52 54 34 58 27 51 92 84 33 66 56 72 80 42 11 16 7 46 50 30 47 86 97 17 78 29 5 77 88 9 71 43 73 22 3 75 1 69 61 59 93 91 79 2 37 83 26 4 89 63 41 
TEST 13 ARG:6 24 62 72 59 88 91 55 77 85 36 95 78 41 83 44 97 5 3 12 26 19 23 47 39 10 81 9 66 65 90 37 17 29 30 48 76 49 94 79 21 2 98 63 1 53 73 82 27 43 96 31 71 74 64 11 69 60 0 70 51 89 58 33 20 13 16 45 75 34 67 14 42 68 7 32 86 4 52 15 25 54 22 46 38 50 84 87 56 57 93 99 8 92 40 61 28 18 35 80 
TEST 13 ARG:6 24 62 72 59 88 91 55 77 85 36 95 78 41 83 44 97 5 3 12 26 19 23 47 39 10 81 9 66 65 90 37 17 29 30 48 76 49 94 79 21 2 98 63 1 53 73 82 27 43 96 31 71 74 64 11 69 60 0 70 51 89 58 33 20 13 16 45 75 34 67 14 42 68 7 32 86 4 52 15 25 54 22 46 38 50 84 87 56 57 93 99 8 92 40 61 28 18 35 80 
TEST 14 ARG:10 83 47 8 30 43 68 20 27 39 7 77 25 4 58 69 42 36 46 98 5 44 24 82 96 50 54 14 21 66 38 51 12 80 56 91 65 52 1 9 3 34 74 94 67 40 11 63 61 49 89 90 35 93 32 57 22 26 71 76 48 78 60 97 75 41 85 86 28 55 16 64 13 62 31 19 15 17 92 99 6 0 81 33 53 45 95 79 59 84 70 88 87 29 72 2 73 18 23 37 
TEST 14 ARG:10 83 47 8 30 43 68 20 27 39 7 77 25 4 58 69 42 36 46 98 5 44 24 82 96 50 54 14 21 66 38 51 12 80 56 91 65 52 1 9 3 34 74 94 67 40 11 63 61 49 89 90 35 93 32 57 22 26 71 76 48 78 60 97 75 41 85 86 28 55 16 64 13 62 31 19 15 17 92 99 6 0 81 33 53 45 95 79 59 84 70 88 87 29 72 2 73 18 23 37 
TEST 15 ARG:20 21 53 44 7 37 12 77 98 26 35 4 36 19 55 43 22 5 90 30 15 11 81 75 6 50 64 61 29 13 33 2 60 69 48 84 89 9 73 14 24 86 28 67 63 82 66 59 0 76 54 68 97 10 23 46 57 95 94 34 49 91 39 93 3 92 41 17 8 52 58 56 38 25 79 99 45 78 42 74 16 72 51 65 1 70 88 71 31 85 96 87 18 62 47 32 83 27 40 80 
TEST 15 ARG:20 21 53 44 7 37 12 77 98 26 35 4 36 19 55 43 22 5 90 30 15 11 81 75 6 50 64 61 29 13 33 2 60 69 48 84 89 9 73 14 24 86 28 67 63 82 66 59 0 76 54 68 97 10 23 46 57 95 94 34 49 91 39 93 3 92 41 17 8 52 58 56 38 25 79 99 45 78 42 74 16 72 51 65 1 70 88 71 31 85 96 87 18 62 47 32 83 27 40 80 
TEST 16 ARG:8 90 65 46 31 85 5 82 71 89 34 69 37 20 14 95 64 98 58 50 86 62 75 9 38 57 80 54 0 99 18 44 45 22 83 91 6 97 79 36 94 76 15 81 77 51 11 52 26 35 16 29 1 48 10 92 3 7 88 53 27 21 78 67 32 56 13 49 39 60 47 66 72 63 74 61 70 2 93 40 43 4 12 33 42 68 23 55 28 41 96 30 17 59 87 24 73 84 19 25 
TEST 16 ARG:8 90 65 46 31 85 5 82 71 89 34 69 37 20 14 95 64 98 58 50 86 62 75 9 38 57 80 54 0 99 18 44 45 22 83 91 6 97 79 36 94 76 15 81 77 51 11 52 26 35 16 29 1 48 10 92 3 7 88 53 27 21 78 67 32 56 13 49 39 60 47 66 72 63 74 61 70 2 93 40 43 4 12 33 42 68 23 55 28 41 96 30 17 59 87 24 73 84 19 25 
TEST 17 ARG:72 10 29 83 50 14 78 3 82 80 58 24 48 79 26 53 11 69 81 7 20 22 1 30 46 34 98 75 38 76 28 52 41 21 36 18 65 66 0 25 99 13 94 64 91 2 85 88 86 44 55 40 49 67 63 42 16 57 84 4 23 97 70 90 12 45 32 77 95 71 37 96 35 61 87 6 92 93 56 73 15 74 89 8 33 27 31 59 19 68 39 62 54 43 60 9 47 17 5 51 
TEST 17 ARG:72 10 29 83 50 14 78 3 82 80 58 24 48 79 26 53 11 69 81 7 20 22 1 30 46 34 98 75 38 76 28 52 41 21 36 18 65 66 0 25 99 13 94 64 91 2 85 88 86 44 55 40 49 67 63 42 16 57 84 4 23 97 70 90 12 45 32 77 95 71 37 96 35 61 87 6 92 93 56 73 15 74 89 8 33 27 31 59 19 68 39 62 54 43 60 9 47 17 5 51 
TEST 18 ARG:59 14 7 42 47 13 74 96 78 26 65 54 83 22 86 93 67 84 56 91 88 33 62 81 19 24 9 15 58 76 11 71 52 20 63 60 27 4 69 29 57 49 8 28 38 25 2 10 48 36 46 95 45 72 3 89 73 75 55 97 98 34 17 21 68 77 87 92 12 85 32 1 90 35 30 31 50 41 6 0 82 70 18 16 53 64 66 51 5 44 40 23 61 43 99 80 39 37 79 94 
TEST 18 ARG:59 14 7 42 47 13 74 96 78 26 65 54 83 22 86 93 67 84 56 91 88 33 62 81 19 24 9 15 58 76 11 71 52 20 63 60 27 4 69 29 57 49 8 28 38 25 2 10 48 36 46 95 45 72 3 89 73 75 55 97 98 34 17 21 68 77 87 92 12 85 32 1 90 35 30 31 50 41 6 0 82 70 18 16 53 64 66 51 5 44 40 23 61 43 99 80 39 37 79 94 
TEST 19 ARG:79 43 13 96 64 17 82 77 39 24 66 60 50 56 14 68 72 16 53 35 18 80 97 86 30 0 25 93 42 10 89 23 90 19 11 55 85 51 47 27 92 1 84 61 15 41 28 54 9 87 83 48 4 65 22 78 63 26 81 21 67 34 33 99 95 76 94 74 32 7 71 37 62 52 98 49 29 6 3 46 69 57 45 20 44 91 36 70 38 2 5 40 59 31 73 8 58 88 12 75 
TEST 19 ARG:79 43 13 96 64 17 82 77 39 24 66 60 50 56 14 68 72 16 53 35 18 80 97 86 30 0 25 93 42 10 89 23 90 19 11 55 85 51 47 27 92 1 84 61 15 41 28 54 9 87 83 48 4 65 22 78 63 26 81 21 67 34 33 99 95 76 94 74 32 7 71 37 62 52 98 49 29 6 3 46 69 57 45 20 44 91 36 70 38 2 5 40 59 31 73 8 58 88 12 75 
TEST 20 ARG:13 83 23 26 74 57 3 43 84 52 40 77 61 16 86 46 35 6 32 80 96 2 19 95 71 44 92 30 5 47 25 68 28 93 14 42 17 99 90 12 87 53 59 62 41 24 69 63 34 79 65 72 67 54 66 18 82 78 33 97 11 21 91 10 55 37 27 8 50 51 94 36 85 73 98 58 81 64 76 15 88 89 4 56 48 22 38 70 39 7 29 75 60 45 9 1 0 49 20 31 
TEST 20 ARG:13 83 23 26 74 57 3 43 84 52 40 77 61 16 86 46 35 6 32 80 96 2 19 95 71 44 92 30 5 47 25 68 28 93 14 42 17 99 90 12 87 53 59 62 41 24 69 63 34 79 65 72 67 54 66 18 82 78 33 97 11 21 91 10 55 37 27 8 50 51 94 36 85 73 98 58 81 64 76 15 88 89 4 56 48 22 38 70 39 7 29 75 60 45 9 1 0 49 20 31 
TEST 21 ARG:45 39 17 66 51 31 22 59 62 92 21 91 61 85 15 12 86 38 29 43 80 34 97 96 76 8 98 94 90 83 23 82 63 30 13 87 79 50 64 24 5 71 55 40 93 70 10 6 11 4 56 60 20 49 89 0 99 25 9 36 72 48 84 7 88 73 77 18 27 58 19 16 42 26 46 78 74 2 47 1 14 75 33 44 32 57 52 3 35 54 41 28 53 68 69 65 37 67 95 81 
TEST 21 ARG:45 39 17 66 51 31 22 59 62 92 21 91 61 85 15 12 86 38 29 43 80 34 97 96 76 8 98 94 90 83 23 82 63 30 13 87 79 50 64 24 5 71 55 40 93 70 10 6 11 4 56 60 20 49 89 0 99 25 9 36 72 48 84 7 88 73 77 18 27 58 19 16 42 26 46 78 74 2 47 1 14 75 33 44 32 57 52 3 35 54 41 28 53 68 69 65 37 67 95 81 
TEST 22 ARG:48 30 23 17 39 45 3 37 83 64 1 59 67 15 65 93 28 4 74 16 40 82 99 43 33 41 47 68 10 69 56 18 60 7 27 22 11 9 66 84 91 29 96 2 31 34 98 55 79 70 89 26 5 95 90 21 13 38 24 57 54 87 42 97 52 44 46 19 62 88 73 35 32 94 20 53 72 85 25 76 49 75 61 12 6 8 77 86 36 81 63 0 58 50 80 14 92 51 71 78 
TEST 22 ARG:48 30 23 17 39 45 3 37 83 64 1 59 67 15 65 93 28 4 74 16 40 82 99 43 33 41 47 68 10 69 56 18 60 7 27 22 11 9 66 84 91 29 96 2 31 34 98 55 79 70 89 26 5 95 90 21 13 38 24 57 54 87 42 97 52 44 46 19 62 88 73 35 32 94 20 53 72 85 25 76 49 75 61 12 6 8 77 86 36 81 63 0 58 50 80 14 92 51 71 78 
TEST 23 ARG:57 21 61 58 24 56 59 43 7 45 51 99 36 5 37 16 41 29 0 71 48 60 38 53 65 35 74 95 22 28 92 20 4 18 81 42 83 39 34 87 13 67 98 55 27 17 69 54 40 9 75 73 94 84 33 2 64 23 66 26 46 85 12 78 77 80 8 3 63 15 70 44 11 82 88 68 25 10 31 14 6 86 76 89 72 93 90 50 97 19 1 49 32 96 91 30 62 52 47 79 
TEST 23 ARG:57 21 61 58 24 56 59 43 7 45 51 99 36 5 37 16 41 29 0 71 48 60 38 53 65 35 74 95 22 28 92 20 4 18 81 42 83 39 34 87 13 67 98 55 27 17 69 54 40 9 75 73 94 84 33 2 64 23 66 26 46 85 12 78 77 80 8 3 63 15 70 44 11 82 88 68 25 10 31 14 6 86 76 89 72 93 90 50 97 19 1 49 32 96 91 30 62 52 47 79 
TEST 24 ARG:89 48 77 36 45 33 58 9 88 0 64 19 76 15 82 5 39 13 62 60 18 59 73 94 41 99 72 67 30 97 10 93 3 70 32 85 24 80 87 56 11 61 43 12 20 51 14 28 50 90 6 21 25 46 57 98 40 74 35 66 63 91 17 23 7 92 65 4 78 27 49 37 8 81 52 54 55 47 2 22 86 84 34 68 38 1 29 69 42 16 96 71 75 83 26 79 31 95 53 44 
TEST 24 ARG:89 48 77 36 45 33 58 9 88 0 64 19 76 15 82 5 39 13 62 60 18 59 73 94 41 99 72 67 30 97 10 93 3 70 32 85 24 80 87 56 11 61 43 12 20 51 14 28 50 90 6 21 25 46 57 98 40 74 35 66 63 91 17 23 7 92 65 4 78 27 49 37 8 81 52 54 55 47 2 22 86 84 34 68 38 1 29 69 42 16 96 71 75 83 26 79 31 95 53 44 
TEST 25 ARG:47 24 30 97 12 28 33 20 53 68 31 51 6 45 86 35 72 1 56 3 83 91 74 42 94 98 67 26 25 76 44 85 60 81 39 69 40 88 11 95 18 13 75 63 54 84 79 87 46 58 65 90 19 22 36 80 71 21 41 70 5 15 4 82 96 61 2 50 29 64 93 27 62 89 8 59 32 17 38 34 99 7 0 66 49 78 48 77 14 9 43 52 57 55 73 92 23 10 37 16 
TEST 25 ARG:47 24 30 97 12 28 33 20 53 68 31 51 6 45 86 35 72 1 56 3 83 91 74 42 94 98 67 26 25 76 44 85 60 81 39 69 40 88 11 95 18 13 75 63 54 84 79 87 46 58 65 90 19 22 36 80 71 21 41 70 5 15 4 82 96 61 2 50 29 64 93 27 62 89 8 59 32 17 38 34 99 7 0 66 49 78 48 77 14 9 43 52 57 55 73 92 23 10 37 16 
TEST 26 ARG:72 81 54 33 48 6 89 21 34 49 29 0 87 5 1 28 7 96 12 98 16 63 80 57 92 78 26 14 42 20 74 67 36 30 99 75 65 50 85 97 45 44 4 24 88 32 79 86 25 52 9 91 68 70 13 47 77 62 22 94 41 82 35 11 60 19 51 27 37 83 61 59 23 40 8 46 64 53 66 73 76 2 95 58 93 43 71 10 69 31 17 18 90 84 55 39 15 56 38 3 
TEST 26 ARG:72 81 54 33 48 6 89 21 34 49 29 0 87 5 1 28 7 96 12 98 16 63 80 57 92 78 26 14 42 20 74 67 36 30 99 75 65 50 85 97 45 44 4 24 88 32 79 86 25 52 9 91 68 70 13 47 77 62 22 94 41 82 35 11 60 19 51 27 37 83 61 59 23 40 8 46 64 53 66 73 76 2 95 58 93 43 71 10 69 31 17 18 90 84 55 39 15 56 38 3 
